set fontpath "/usr/share/fonts/truetype/freefont"
set terminal postscript eps enhanced font "FreeSans,16" linewidth 2 rounded #size 850,575
#set size .85,.575
set style line 1 lt 1 lc rgb "#ffb800"
set style line 2 lt 1 lc rgb "#0000d2"
set style line 3 lt 1 lc rgb "#b6ff40"
set style line 4 lt 1 lc rgb "#ff3100"
set style line 5 lt 1 lc rgb "#05ecf0"
set style line 6 lt 1 lc rgb "#7f0000"
set style line 7 lt 1 lc rgb "#ff7500"
set style line 8 lt 1 lc rgb "#0012ff"
set style line 9 lt 1 lc rgb "#7bff7b"
set style line 10 lt 1 lc rgb "#00a3ff"
set style line 11 lt 1 lc rgb "#d20000"
set style line 12 lt 1 lc rgb "#005bff"
set style line 13 lt 1 lc rgb "#f0fc05"
set style line 14 lt 1 lc rgb "#00007f"
set style line 15 lt 1 lc rgb "#40ffb6"
set style line 99 lt 1 lc rgb "black"
set style fill solid 1.0 border -1 # was: set style fill solid 1.0 border ls 99
set output "manual-cpi-fft.eps"
set title "SPLASH-2  -  FFT"
set boxwidth 0.75 absolute
set style histogram rowstacked
set style data histograms
set key invert reverse Left outside right
set yrange [0.000000:100.000000]
set ytics nomirror scale 0
set format y "%.0f%%"
set mxtics 2
set mytics 2
set grid ytics mytics
set xlabel "Thread number"
set ylabel "Percent of time"

set tmargin 2
set xtics nomirror scale 0
plot '-' using 2 ls 1 t "dispatch_width", '-' using 3 ls 2 t "depend-int", '-' using 4 ls 3 t "depend-fp", '-' using 5 ls 4 t "branch", '-' using 6 ls 5  t "ifetch", '-' using 7 ls 6  t "mem-l1d", '-' using 8 ls 7  t "mem-l1\\_neighbor", '-' using 9 ls 8  t "mem-l2", '-' using 10 ls 9  t "mem-l2\\_neighbor", '-' using 11 ls 10  t "mem-l3", '-' using 12 ls 11  t "mem-off\\_socket", '-' using 13 ls 12  t "mem-dram", '-' using 14 ls 13  t "sync-crit\\_sect", '-' using 15 :xtic(1) ls 14 t "sync-barrier"
"0" 12.1805474961 6.46195923041 29.6245740209 2.07072780987 0.403813408892 11.1303129117 0.0 2.01473127593 1.33260219367 7.25245557851 8.00802307896 0.0556179611517 1.656341569 17.704975007 0.0995973716663
"1" 12.19459132 6.3868869759 29.3878894217 2.05546568978 0.20770083234 10.9179913076 0.0 1.89791994662 1.33354663179 10.3335940071 7.96629780262 0.000198332006145 1.80081811705 15.0543021289 0.460918054608
"2" 12.0140993779 6.52560698679 29.3944109951 2.05462513985 0.0450024766323 10.9261623729 0.0 2.13559413008 1.17110327438 8.81299732692 7.97730995115 0.000254998293615 1.69311913412 16.5284568709 0.718971424734
"3" 12.0218437865 6.52658230481 29.3941867895 2.05654234924 0.0354542071937 10.9280820285 0.0 2.1360785297 0.595940456558 9.37048894721 7.97237998414 0.00016999886241 1.46467289531 16.9619851524 0.533259808
"4" 12.0216832316 8.75307774413 28.921196406 2.05579624312 0.0957754702054 10.8128047005 0.0 2.13420074607 1.33260219367 0.386259284661 27.4639112183 0.00022666514988 1.38035988209 4.1306168401 0.509128279112
"5" 12.0169232537 8.75670154857 28.9209768236 2.05537124596 0.0267464876858 10.8129773347 0.0 2.13254361761 1.33260219367 0.478622824618 27.6089013592 0.000217220768635 0.641695791274 4.82410540654 0.389716571523
"6" 12.2405288851 8.58235777437 28.9170510995 2.0552012471 0.0531813107905 10.8093049973 0.0 1.91459461528 1.27310259182 2.06202639296 27.4996676457 0.00024555391237 0.784304168614 2.88289025656 0.923947360605
"7" 12.1298593975 8.64078487718 28.911101865 2.0553523572 0.100837658553 10.8060110073 0.0 1.95420215623 1.28632472557 1.80674964927 27.4559779381 0.000179443243655 1.0407109416 2.9965880468 0.813525504092
e
"0" 12.1805474961 6.46195923041 29.6245740209 2.07072780987 0.403813408892 11.1303129117 0.0 2.01473127593 1.33260219367 7.25245557851 8.00802307896 0.0556179611517 1.656341569 17.704975007 0.0995973716663
"1" 12.19459132 6.3868869759 29.3878894217 2.05546568978 0.20770083234 10.9179913076 0.0 1.89791994662 1.33354663179 10.3335940071 7.96629780262 0.000198332006145 1.80081811705 15.0543021289 0.460918054608
"2" 12.0140993779 6.52560698679 29.3944109951 2.05462513985 0.0450024766323 10.9261623729 0.0 2.13559413008 1.17110327438 8.81299732692 7.97730995115 0.000254998293615 1.69311913412 16.5284568709 0.718971424734
"3" 12.0218437865 6.52658230481 29.3941867895 2.05654234924 0.0354542071937 10.9280820285 0.0 2.1360785297 0.595940456558 9.37048894721 7.97237998414 0.00016999886241 1.46467289531 16.9619851524 0.533259808
"4" 12.0216832316 8.75307774413 28.921196406 2.05579624312 0.0957754702054 10.8128047005 0.0 2.13420074607 1.33260219367 0.386259284661 27.4639112183 0.00022666514988 1.38035988209 4.1306168401 0.509128279112
"5" 12.0169232537 8.75670154857 28.9209768236 2.05537124596 0.0267464876858 10.8129773347 0.0 2.13254361761 1.33260219367 0.478622824618 27.6089013592 0.000217220768635 0.641695791274 4.82410540654 0.389716571523
"6" 12.2405288851 8.58235777437 28.9170510995 2.0552012471 0.0531813107905 10.8093049973 0.0 1.91459461528 1.27310259182 2.06202639296 27.4996676457 0.00024555391237 0.784304168614 2.88289025656 0.923947360605
"7" 12.1298593975 8.64078487718 28.911101865 2.0553523572 0.100837658553 10.8060110073 0.0 1.95420215623 1.28632472557 1.80674964927 27.4559779381 0.000179443243655 1.0407109416 2.9965880468 0.813525504092
e
"0" 12.1805474961 6.46195923041 29.6245740209 2.07072780987 0.403813408892 11.1303129117 0.0 2.01473127593 1.33260219367 7.25245557851 8.00802307896 0.0556179611517 1.656341569 17.704975007 0.0995973716663
"1" 12.19459132 6.3868869759 29.3878894217 2.05546568978 0.20770083234 10.9179913076 0.0 1.89791994662 1.33354663179 10.3335940071 7.96629780262 0.000198332006145 1.80081811705 15.0543021289 0.460918054608
"2" 12.0140993779 6.52560698679 29.3944109951 2.05462513985 0.0450024766323 10.9261623729 0.0 2.13559413008 1.17110327438 8.81299732692 7.97730995115 0.000254998293615 1.69311913412 16.5284568709 0.718971424734
"3" 12.0218437865 6.52658230481 29.3941867895 2.05654234924 0.0354542071937 10.9280820285 0.0 2.1360785297 0.595940456558 9.37048894721 7.97237998414 0.00016999886241 1.46467289531 16.9619851524 0.533259808
"4" 12.0216832316 8.75307774413 28.921196406 2.05579624312 0.0957754702054 10.8128047005 0.0 2.13420074607 1.33260219367 0.386259284661 27.4639112183 0.00022666514988 1.38035988209 4.1306168401 0.509128279112
"5" 12.0169232537 8.75670154857 28.9209768236 2.05537124596 0.0267464876858 10.8129773347 0.0 2.13254361761 1.33260219367 0.478622824618 27.6089013592 0.000217220768635 0.641695791274 4.82410540654 0.389716571523
"6" 12.2405288851 8.58235777437 28.9170510995 2.0552012471 0.0531813107905 10.8093049973 0.0 1.91459461528 1.27310259182 2.06202639296 27.4996676457 0.00024555391237 0.784304168614 2.88289025656 0.923947360605
"7" 12.1298593975 8.64078487718 28.911101865 2.0553523572 0.100837658553 10.8060110073 0.0 1.95420215623 1.28632472557 1.80674964927 27.4559779381 0.000179443243655 1.0407109416 2.9965880468 0.813525504092
e
"0" 12.1805474961 6.46195923041 29.6245740209 2.07072780987 0.403813408892 11.1303129117 0.0 2.01473127593 1.33260219367 7.25245557851 8.00802307896 0.0556179611517 1.656341569 17.704975007 0.0995973716663
"1" 12.19459132 6.3868869759 29.3878894217 2.05546568978 0.20770083234 10.9179913076 0.0 1.89791994662 1.33354663179 10.3335940071 7.96629780262 0.000198332006145 1.80081811705 15.0543021289 0.460918054608
"2" 12.0140993779 6.52560698679 29.3944109951 2.05462513985 0.0450024766323 10.9261623729 0.0 2.13559413008 1.17110327438 8.81299732692 7.97730995115 0.000254998293615 1.69311913412 16.5284568709 0.718971424734
"3" 12.0218437865 6.52658230481 29.3941867895 2.05654234924 0.0354542071937 10.9280820285 0.0 2.1360785297 0.595940456558 9.37048894721 7.97237998414 0.00016999886241 1.46467289531 16.9619851524 0.533259808
"4" 12.0216832316 8.75307774413 28.921196406 2.05579624312 0.0957754702054 10.8128047005 0.0 2.13420074607 1.33260219367 0.386259284661 27.4639112183 0.00022666514988 1.38035988209 4.1306168401 0.509128279112
"5" 12.0169232537 8.75670154857 28.9209768236 2.05537124596 0.0267464876858 10.8129773347 0.0 2.13254361761 1.33260219367 0.478622824618 27.6089013592 0.000217220768635 0.641695791274 4.82410540654 0.389716571523
"6" 12.2405288851 8.58235777437 28.9170510995 2.0552012471 0.0531813107905 10.8093049973 0.0 1.91459461528 1.27310259182 2.06202639296 27.4996676457 0.00024555391237 0.784304168614 2.88289025656 0.923947360605
"7" 12.1298593975 8.64078487718 28.911101865 2.0553523572 0.100837658553 10.8060110073 0.0 1.95420215623 1.28632472557 1.80674964927 27.4559779381 0.000179443243655 1.0407109416 2.9965880468 0.813525504092
e
"0" 12.1805474961 6.46195923041 29.6245740209 2.07072780987 0.403813408892 11.1303129117 0.0 2.01473127593 1.33260219367 7.25245557851 8.00802307896 0.0556179611517 1.656341569 17.704975007 0.0995973716663
"1" 12.19459132 6.3868869759 29.3878894217 2.05546568978 0.20770083234 10.9179913076 0.0 1.89791994662 1.33354663179 10.3335940071 7.96629780262 0.000198332006145 1.80081811705 15.0543021289 0.460918054608
"2" 12.0140993779 6.52560698679 29.3944109951 2.05462513985 0.0450024766323 10.9261623729 0.0 2.13559413008 1.17110327438 8.81299732692 7.97730995115 0.000254998293615 1.69311913412 16.5284568709 0.718971424734
"3" 12.0218437865 6.52658230481 29.3941867895 2.05654234924 0.0354542071937 10.9280820285 0.0 2.1360785297 0.595940456558 9.37048894721 7.97237998414 0.00016999886241 1.46467289531 16.9619851524 0.533259808
"4" 12.0216832316 8.75307774413 28.921196406 2.05579624312 0.0957754702054 10.8128047005 0.0 2.13420074607 1.33260219367 0.386259284661 27.4639112183 0.00022666514988 1.38035988209 4.1306168401 0.509128279112
"5" 12.0169232537 8.75670154857 28.9209768236 2.05537124596 0.0267464876858 10.8129773347 0.0 2.13254361761 1.33260219367 0.478622824618 27.6089013592 0.000217220768635 0.641695791274 4.82410540654 0.389716571523
"6" 12.2405288851 8.58235777437 28.9170510995 2.0552012471 0.0531813107905 10.8093049973 0.0 1.91459461528 1.27310259182 2.06202639296 27.4996676457 0.00024555391237 0.784304168614 2.88289025656 0.923947360605
"7" 12.1298593975 8.64078487718 28.911101865 2.0553523572 0.100837658553 10.8060110073 0.0 1.95420215623 1.28632472557 1.80674964927 27.4559779381 0.000179443243655 1.0407109416 2.9965880468 0.813525504092
e
"0" 12.1805474961 6.46195923041 29.6245740209 2.07072780987 0.403813408892 11.1303129117 0.0 2.01473127593 1.33260219367 7.25245557851 8.00802307896 0.0556179611517 1.656341569 17.704975007 0.0995973716663
"1" 12.19459132 6.3868869759 29.3878894217 2.05546568978 0.20770083234 10.9179913076 0.0 1.89791994662 1.33354663179 10.3335940071 7.96629780262 0.000198332006145 1.80081811705 15.0543021289 0.460918054608
"2" 12.0140993779 6.52560698679 29.3944109951 2.05462513985 0.0450024766323 10.9261623729 0.0 2.13559413008 1.17110327438 8.81299732692 7.97730995115 0.000254998293615 1.69311913412 16.5284568709 0.718971424734
"3" 12.0218437865 6.52658230481 29.3941867895 2.05654234924 0.0354542071937 10.9280820285 0.0 2.1360785297 0.595940456558 9.37048894721 7.97237998414 0.00016999886241 1.46467289531 16.9619851524 0.533259808
"4" 12.0216832316 8.75307774413 28.921196406 2.05579624312 0.0957754702054 10.8128047005 0.0 2.13420074607 1.33260219367 0.386259284661 27.4639112183 0.00022666514988 1.38035988209 4.1306168401 0.509128279112
"5" 12.0169232537 8.75670154857 28.9209768236 2.05537124596 0.0267464876858 10.8129773347 0.0 2.13254361761 1.33260219367 0.478622824618 27.6089013592 0.000217220768635 0.641695791274 4.82410540654 0.389716571523
"6" 12.2405288851 8.58235777437 28.9170510995 2.0552012471 0.0531813107905 10.8093049973 0.0 1.91459461528 1.27310259182 2.06202639296 27.4996676457 0.00024555391237 0.784304168614 2.88289025656 0.923947360605
"7" 12.1298593975 8.64078487718 28.911101865 2.0553523572 0.100837658553 10.8060110073 0.0 1.95420215623 1.28632472557 1.80674964927 27.4559779381 0.000179443243655 1.0407109416 2.9965880468 0.813525504092
e
"0" 12.1805474961 6.46195923041 29.6245740209 2.07072780987 0.403813408892 11.1303129117 0.0 2.01473127593 1.33260219367 7.25245557851 8.00802307896 0.0556179611517 1.656341569 17.704975007 0.0995973716663
"1" 12.19459132 6.3868869759 29.3878894217 2.05546568978 0.20770083234 10.9179913076 0.0 1.89791994662 1.33354663179 10.3335940071 7.96629780262 0.000198332006145 1.80081811705 15.0543021289 0.460918054608
"2" 12.0140993779 6.52560698679 29.3944109951 2.05462513985 0.0450024766323 10.9261623729 0.0 2.13559413008 1.17110327438 8.81299732692 7.97730995115 0.000254998293615 1.69311913412 16.5284568709 0.718971424734
"3" 12.0218437865 6.52658230481 29.3941867895 2.05654234924 0.0354542071937 10.9280820285 0.0 2.1360785297 0.595940456558 9.37048894721 7.97237998414 0.00016999886241 1.46467289531 16.9619851524 0.533259808
"4" 12.0216832316 8.75307774413 28.921196406 2.05579624312 0.0957754702054 10.8128047005 0.0 2.13420074607 1.33260219367 0.386259284661 27.4639112183 0.00022666514988 1.38035988209 4.1306168401 0.509128279112
"5" 12.0169232537 8.75670154857 28.9209768236 2.05537124596 0.0267464876858 10.8129773347 0.0 2.13254361761 1.33260219367 0.478622824618 27.6089013592 0.000217220768635 0.641695791274 4.82410540654 0.389716571523
"6" 12.2405288851 8.58235777437 28.9170510995 2.0552012471 0.0531813107905 10.8093049973 0.0 1.91459461528 1.27310259182 2.06202639296 27.4996676457 0.00024555391237 0.784304168614 2.88289025656 0.923947360605
"7" 12.1298593975 8.64078487718 28.911101865 2.0553523572 0.100837658553 10.8060110073 0.0 1.95420215623 1.28632472557 1.80674964927 27.4559779381 0.000179443243655 1.0407109416 2.9965880468 0.813525504092
e
"0" 12.1805474961 6.46195923041 29.6245740209 2.07072780987 0.403813408892 11.1303129117 0.0 2.01473127593 1.33260219367 7.25245557851 8.00802307896 0.0556179611517 1.656341569 17.704975007 0.0995973716663
"1" 12.19459132 6.3868869759 29.3878894217 2.05546568978 0.20770083234 10.9179913076 0.0 1.89791994662 1.33354663179 10.3335940071 7.96629780262 0.000198332006145 1.80081811705 15.0543021289 0.460918054608
"2" 12.0140993779 6.52560698679 29.3944109951 2.05462513985 0.0450024766323 10.9261623729 0.0 2.13559413008 1.17110327438 8.81299732692 7.97730995115 0.000254998293615 1.69311913412 16.5284568709 0.718971424734
"3" 12.0218437865 6.52658230481 29.3941867895 2.05654234924 0.0354542071937 10.9280820285 0.0 2.1360785297 0.595940456558 9.37048894721 7.97237998414 0.00016999886241 1.46467289531 16.9619851524 0.533259808
"4" 12.0216832316 8.75307774413 28.921196406 2.05579624312 0.0957754702054 10.8128047005 0.0 2.13420074607 1.33260219367 0.386259284661 27.4639112183 0.00022666514988 1.38035988209 4.1306168401 0.509128279112
"5" 12.0169232537 8.75670154857 28.9209768236 2.05537124596 0.0267464876858 10.8129773347 0.0 2.13254361761 1.33260219367 0.478622824618 27.6089013592 0.000217220768635 0.641695791274 4.82410540654 0.389716571523
"6" 12.2405288851 8.58235777437 28.9170510995 2.0552012471 0.0531813107905 10.8093049973 0.0 1.91459461528 1.27310259182 2.06202639296 27.4996676457 0.00024555391237 0.784304168614 2.88289025656 0.923947360605
"7" 12.1298593975 8.64078487718 28.911101865 2.0553523572 0.100837658553 10.8060110073 0.0 1.95420215623 1.28632472557 1.80674964927 27.4559779381 0.000179443243655 1.0407109416 2.9965880468 0.813525504092
e
"0" 12.1805474961 6.46195923041 29.6245740209 2.07072780987 0.403813408892 11.1303129117 0.0 2.01473127593 1.33260219367 7.25245557851 8.00802307896 0.0556179611517 1.656341569 17.704975007 0.0995973716663
"1" 12.19459132 6.3868869759 29.3878894217 2.05546568978 0.20770083234 10.9179913076 0.0 1.89791994662 1.33354663179 10.3335940071 7.96629780262 0.000198332006145 1.80081811705 15.0543021289 0.460918054608
"2" 12.0140993779 6.52560698679 29.3944109951 2.05462513985 0.0450024766323 10.9261623729 0.0 2.13559413008 1.17110327438 8.81299732692 7.97730995115 0.000254998293615 1.69311913412 16.5284568709 0.718971424734
"3" 12.0218437865 6.52658230481 29.3941867895 2.05654234924 0.0354542071937 10.9280820285 0.0 2.1360785297 0.595940456558 9.37048894721 7.97237998414 0.00016999886241 1.46467289531 16.9619851524 0.533259808
"4" 12.0216832316 8.75307774413 28.921196406 2.05579624312 0.0957754702054 10.8128047005 0.0 2.13420074607 1.33260219367 0.386259284661 27.4639112183 0.00022666514988 1.38035988209 4.1306168401 0.509128279112
"5" 12.0169232537 8.75670154857 28.9209768236 2.05537124596 0.0267464876858 10.8129773347 0.0 2.13254361761 1.33260219367 0.478622824618 27.6089013592 0.000217220768635 0.641695791274 4.82410540654 0.389716571523
"6" 12.2405288851 8.58235777437 28.9170510995 2.0552012471 0.0531813107905 10.8093049973 0.0 1.91459461528 1.27310259182 2.06202639296 27.4996676457 0.00024555391237 0.784304168614 2.88289025656 0.923947360605
"7" 12.1298593975 8.64078487718 28.911101865 2.0553523572 0.100837658553 10.8060110073 0.0 1.95420215623 1.28632472557 1.80674964927 27.4559779381 0.000179443243655 1.0407109416 2.9965880468 0.813525504092
e
"0" 12.1805474961 6.46195923041 29.6245740209 2.07072780987 0.403813408892 11.1303129117 0.0 2.01473127593 1.33260219367 7.25245557851 8.00802307896 0.0556179611517 1.656341569 17.704975007 0.0995973716663
"1" 12.19459132 6.3868869759 29.3878894217 2.05546568978 0.20770083234 10.9179913076 0.0 1.89791994662 1.33354663179 10.3335940071 7.96629780262 0.000198332006145 1.80081811705 15.0543021289 0.460918054608
"2" 12.0140993779 6.52560698679 29.3944109951 2.05462513985 0.0450024766323 10.9261623729 0.0 2.13559413008 1.17110327438 8.81299732692 7.97730995115 0.000254998293615 1.69311913412 16.5284568709 0.718971424734
"3" 12.0218437865 6.52658230481 29.3941867895 2.05654234924 0.0354542071937 10.9280820285 0.0 2.1360785297 0.595940456558 9.37048894721 7.97237998414 0.00016999886241 1.46467289531 16.9619851524 0.533259808
"4" 12.0216832316 8.75307774413 28.921196406 2.05579624312 0.0957754702054 10.8128047005 0.0 2.13420074607 1.33260219367 0.386259284661 27.4639112183 0.00022666514988 1.38035988209 4.1306168401 0.509128279112
"5" 12.0169232537 8.75670154857 28.9209768236 2.05537124596 0.0267464876858 10.8129773347 0.0 2.13254361761 1.33260219367 0.478622824618 27.6089013592 0.000217220768635 0.641695791274 4.82410540654 0.389716571523
"6" 12.2405288851 8.58235777437 28.9170510995 2.0552012471 0.0531813107905 10.8093049973 0.0 1.91459461528 1.27310259182 2.06202639296 27.4996676457 0.00024555391237 0.784304168614 2.88289025656 0.923947360605
"7" 12.1298593975 8.64078487718 28.911101865 2.0553523572 0.100837658553 10.8060110073 0.0 1.95420215623 1.28632472557 1.80674964927 27.4559779381 0.000179443243655 1.0407109416 2.9965880468 0.813525504092
e
"0" 12.1805474961 6.46195923041 29.6245740209 2.07072780987 0.403813408892 11.1303129117 0.0 2.01473127593 1.33260219367 7.25245557851 8.00802307896 0.0556179611517 1.656341569 17.704975007 0.0995973716663
"1" 12.19459132 6.3868869759 29.3878894217 2.05546568978 0.20770083234 10.9179913076 0.0 1.89791994662 1.33354663179 10.3335940071 7.96629780262 0.000198332006145 1.80081811705 15.0543021289 0.460918054608
"2" 12.0140993779 6.52560698679 29.3944109951 2.05462513985 0.0450024766323 10.9261623729 0.0 2.13559413008 1.17110327438 8.81299732692 7.97730995115 0.000254998293615 1.69311913412 16.5284568709 0.718971424734
"3" 12.0218437865 6.52658230481 29.3941867895 2.05654234924 0.0354542071937 10.9280820285 0.0 2.1360785297 0.595940456558 9.37048894721 7.97237998414 0.00016999886241 1.46467289531 16.9619851524 0.533259808
"4" 12.0216832316 8.75307774413 28.921196406 2.05579624312 0.0957754702054 10.8128047005 0.0 2.13420074607 1.33260219367 0.386259284661 27.4639112183 0.00022666514988 1.38035988209 4.1306168401 0.509128279112
"5" 12.0169232537 8.75670154857 28.9209768236 2.05537124596 0.0267464876858 10.8129773347 0.0 2.13254361761 1.33260219367 0.478622824618 27.6089013592 0.000217220768635 0.641695791274 4.82410540654 0.389716571523
"6" 12.2405288851 8.58235777437 28.9170510995 2.0552012471 0.0531813107905 10.8093049973 0.0 1.91459461528 1.27310259182 2.06202639296 27.4996676457 0.00024555391237 0.784304168614 2.88289025656 0.923947360605
"7" 12.1298593975 8.64078487718 28.911101865 2.0553523572 0.100837658553 10.8060110073 0.0 1.95420215623 1.28632472557 1.80674964927 27.4559779381 0.000179443243655 1.0407109416 2.9965880468 0.813525504092
e
"0" 12.1805474961 6.46195923041 29.6245740209 2.07072780987 0.403813408892 11.1303129117 0.0 2.01473127593 1.33260219367 7.25245557851 8.00802307896 0.0556179611517 1.656341569 17.704975007 0.0995973716663
"1" 12.19459132 6.3868869759 29.3878894217 2.05546568978 0.20770083234 10.9179913076 0.0 1.89791994662 1.33354663179 10.3335940071 7.96629780262 0.000198332006145 1.80081811705 15.0543021289 0.460918054608
"2" 12.0140993779 6.52560698679 29.3944109951 2.05462513985 0.0450024766323 10.9261623729 0.0 2.13559413008 1.17110327438 8.81299732692 7.97730995115 0.000254998293615 1.69311913412 16.5284568709 0.718971424734
"3" 12.0218437865 6.52658230481 29.3941867895 2.05654234924 0.0354542071937 10.9280820285 0.0 2.1360785297 0.595940456558 9.37048894721 7.97237998414 0.00016999886241 1.46467289531 16.9619851524 0.533259808
"4" 12.0216832316 8.75307774413 28.921196406 2.05579624312 0.0957754702054 10.8128047005 0.0 2.13420074607 1.33260219367 0.386259284661 27.4639112183 0.00022666514988 1.38035988209 4.1306168401 0.509128279112
"5" 12.0169232537 8.75670154857 28.9209768236 2.05537124596 0.0267464876858 10.8129773347 0.0 2.13254361761 1.33260219367 0.478622824618 27.6089013592 0.000217220768635 0.641695791274 4.82410540654 0.389716571523
"6" 12.2405288851 8.58235777437 28.9170510995 2.0552012471 0.0531813107905 10.8093049973 0.0 1.91459461528 1.27310259182 2.06202639296 27.4996676457 0.00024555391237 0.784304168614 2.88289025656 0.923947360605
"7" 12.1298593975 8.64078487718 28.911101865 2.0553523572 0.100837658553 10.8060110073 0.0 1.95420215623 1.28632472557 1.80674964927 27.4559779381 0.000179443243655 1.0407109416 2.9965880468 0.813525504092
e
"0" 12.1805474961 6.46195923041 29.6245740209 2.07072780987 0.403813408892 11.1303129117 0.0 2.01473127593 1.33260219367 7.25245557851 8.00802307896 0.0556179611517 1.656341569 17.704975007 0.0995973716663
"1" 12.19459132 6.3868869759 29.3878894217 2.05546568978 0.20770083234 10.9179913076 0.0 1.89791994662 1.33354663179 10.3335940071 7.96629780262 0.000198332006145 1.80081811705 15.0543021289 0.460918054608
"2" 12.0140993779 6.52560698679 29.3944109951 2.05462513985 0.0450024766323 10.9261623729 0.0 2.13559413008 1.17110327438 8.81299732692 7.97730995115 0.000254998293615 1.69311913412 16.5284568709 0.718971424734
"3" 12.0218437865 6.52658230481 29.3941867895 2.05654234924 0.0354542071937 10.9280820285 0.0 2.1360785297 0.595940456558 9.37048894721 7.97237998414 0.00016999886241 1.46467289531 16.9619851524 0.533259808
"4" 12.0216832316 8.75307774413 28.921196406 2.05579624312 0.0957754702054 10.8128047005 0.0 2.13420074607 1.33260219367 0.386259284661 27.4639112183 0.00022666514988 1.38035988209 4.1306168401 0.509128279112
"5" 12.0169232537 8.75670154857 28.9209768236 2.05537124596 0.0267464876858 10.8129773347 0.0 2.13254361761 1.33260219367 0.478622824618 27.6089013592 0.000217220768635 0.641695791274 4.82410540654 0.389716571523
"6" 12.2405288851 8.58235777437 28.9170510995 2.0552012471 0.0531813107905 10.8093049973 0.0 1.91459461528 1.27310259182 2.06202639296 27.4996676457 0.00024555391237 0.784304168614 2.88289025656 0.923947360605
"7" 12.1298593975 8.64078487718 28.911101865 2.0553523572 0.100837658553 10.8060110073 0.0 1.95420215623 1.28632472557 1.80674964927 27.4559779381 0.000179443243655 1.0407109416 2.9965880468 0.813525504092
e
"0" 12.1805474961 6.46195923041 29.6245740209 2.07072780987 0.403813408892 11.1303129117 0.0 2.01473127593 1.33260219367 7.25245557851 8.00802307896 0.0556179611517 1.656341569 17.704975007 0.0995973716663
"1" 12.19459132 6.3868869759 29.3878894217 2.05546568978 0.20770083234 10.9179913076 0.0 1.89791994662 1.33354663179 10.3335940071 7.96629780262 0.000198332006145 1.80081811705 15.0543021289 0.460918054608
"2" 12.0140993779 6.52560698679 29.3944109951 2.05462513985 0.0450024766323 10.9261623729 0.0 2.13559413008 1.17110327438 8.81299732692 7.97730995115 0.000254998293615 1.69311913412 16.5284568709 0.718971424734
"3" 12.0218437865 6.52658230481 29.3941867895 2.05654234924 0.0354542071937 10.9280820285 0.0 2.1360785297 0.595940456558 9.37048894721 7.97237998414 0.00016999886241 1.46467289531 16.9619851524 0.533259808
"4" 12.0216832316 8.75307774413 28.921196406 2.05579624312 0.0957754702054 10.8128047005 0.0 2.13420074607 1.33260219367 0.386259284661 27.4639112183 0.00022666514988 1.38035988209 4.1306168401 0.509128279112
"5" 12.0169232537 8.75670154857 28.9209768236 2.05537124596 0.0267464876858 10.8129773347 0.0 2.13254361761 1.33260219367 0.478622824618 27.6089013592 0.000217220768635 0.641695791274 4.82410540654 0.389716571523
"6" 12.2405288851 8.58235777437 28.9170510995 2.0552012471 0.0531813107905 10.8093049973 0.0 1.91459461528 1.27310259182 2.06202639296 27.4996676457 0.00024555391237 0.784304168614 2.88289025656 0.923947360605
"7" 12.1298593975 8.64078487718 28.911101865 2.0553523572 0.100837658553 10.8060110073 0.0 1.95420215623 1.28632472557 1.80674964927 27.4559779381 0.000179443243655 1.0407109416 2.9965880468 0.813525504092
e

